1,100,500,20500,32,16500,0.16,2,436.81,1
1,100,10500,30500,19,28000,0.27,2,435.77,1
1,100,20500,40500,19,28000,0.27,2,435.77,1
1,100,30500,50500,13,41000,0.39,2,435.67,1
1,100,40500,60500,10,53000,0.51,2,417.56,1
1,100,50500,70500,8,65000,0.62,2,391.81,1
1,100,60500,80500,7,79500,0.76,2,273.1,1
1,100,70500,90500,7,79500,0.76,2,273.1,1
1,100,80500,1.005e+05,5,1.005e+05,1.01,2,316.94,1
1,100,90500,1.105e+05,5,1.105e+05,1.01,2,132.51,1
1,100,1.005e+05,1.205e+05,5,1.17e+05,1,2,95.567,1
1,100,1.105e+05,1.305e+05,5,1.17e+05,1,2,95.567,1
1,100,1.205e+05,1.405e+05,5,1.205e+05,0.99,2,108.07,1
1,100,1.305e+05,1.505e+05,5,1.305e+05,0.96,2,256.42,1
1,100,1.405e+05,1.605e+05,4,1.405e+05,1.42,2,741.07,1
1,100,1.505e+05,1.705e+05,3,1.705e+05,2.91,2,1390.8,1
1,100,1.605e+05,1.805e+05,3,1.75e+05,2.89,2,1382.9,1
1,100,1.705e+05,1.905e+05,3,1.75e+05,2.89,2,1382.9,1
1,100,1.805e+05,2.005e+05,3,1.805e+05,2.86,2,1388.1,1
1,100,1.905e+05,2.105e+05,3,1.905e+05,2.8,2,1431.1,1
1,100,2.005e+05,2.205e+05,3,2.005e+05,2.75,2,1509.1,1
1,100,2.105e+05,2.305e+05,3,2.305e+05,1.37,2,835.06,1
1,100,2.205e+05,2.405e+05,3,2.205e+05,2.66,2,1753.2,1
1,100,2.305e+05,2.505e+05,3,2.305e+05,1.37,2,835.06,1
1,100,2.405e+05,2.605e+05,3,2.5e+05,1.34,2,651.7,1
1,100,2.505e+05,2.705e+05,3,2.505e+05,1.34,2,651.77,1
1,100,2.605e+05,2.805e+05,3,2.605e+05,1.32,2,704.18,1
1,100,2.705e+05,2.905e+05,3,2.705e+05,1.3,2,839.77,1
1,100,2.805e+05,3.005e+05,3,2.805e+05,1.28,2,1050.7,1
10,1000,500,20500,30,18000,0.17,2,437.17,1
10,1000,10500,30500,20,26500,0.26,2,438.57,1
10,1000,20500,40500,20,26500,0.25,2,439.04,1
10,1000,30500,50500,20,30500,0.27,2,553.9,1
10,1000,40500,60500,10,53000,0.51,2,417.56,1
10,1000,50500,70500,10,70500,0.79,2,689.46,1
10,1000,60500,80500,10,74500,0.79,2,663.17,1
10,1000,70500,90500,10,74500,0.79,2,663.17,1
10,1000,80500,1.005e+05,10,1.005e+05,1.03,2,785.44,1
10,1000,90500,1.105e+05,10,1.08e+05,1.04,2,745.25,1
10,1000,1.005e+05,1.205e+05,10,1.08e+05,1.04,2,745.25,1
10,1000,1.105e+05,1.305e+05,10,1.105e+05,1.04,2,752.22,1
10,1000,1.205e+05,1.405e+05,10,1.205e+05,1.02,2,910.14,1
10,1000,1.305e+05,1.505e+05,10,1.305e+05,1.46,2,1082.9,1
10,1000,1.405e+05,1.605e+05,10,1.405e+05,1.42,2,1185,1
10,1000,1.505e+05,1.705e+05,10,1.7e+05,2.92,2,1393.7,1
10,1000,1.605e+05,1.805e+05,840,1.75e+05,2.89,2,1389.4,1
10,1000,1.705e+05,1.905e+05,660,1.75e+05,2.89,2,1389.4,1
10,1000,1.805e+05,2.005e+05,590,1.805e+05,2.86,2,1399,1
10,1000,1.905e+05,2.105e+05,710,1.905e+05,2.81,2,1451.3,1
10,1000,2.005e+05,2.205e+05,530,2.005e+05,2.76,2,1540.2,1
10,1000,2.105e+05,2.305e+05,810,2.105e+05,2.71,2,1660.2,1
10,1000,2.205e+05,2.405e+05,10,2.205e+05,2.66,2,1809.4,1
10,1000,2.305e+05,2.505e+05,790,2.305e+05,2.62,2,1982.6,1
10,1000,2.405e+05,2.605e+05,650,2.405e+05,2.58,2,2177.7,1
10,1000,2.505e+05,2.705e+05,900,2.505e+05,2.54,2,2391.2,1
10,1000,2.605e+05,2.805e+05,10,2.605e+05,2.5,2,2621.6,1
10,1000,2.705e+05,2.905e+05,10,2.705e+05,2.46,2,2868.3,1
10,1000,2.805e+05,3.005e+05,10,2.805e+05,2.43,2,3125.4,1
100,10000,500,20500,100,5500,0.05,2,447.83,1
100,10000,10500,30500,100,24500,0.27,2,895.26,1
100,10000,20500,40500,4300,35500,0.39,2,894.2,1
100,10000,30500,50500,4200,48000,0.53,2,876.82,1
100,10000,40500,60500,6100,48000,0.53,2,876.82,1
100,10000,50500,70500,4100,70500,0.8,2,758.77,1
100,10000,60500,80500,500,73500,0.8,2,738.8,1
100,10000,70500,90500,3400,73500,0.8,2,738.8,1
100,10000,80500,1.005e+05,8200,1.005e+05,1.03,2,793.11,1
100,10000,90500,1.105e+05,4100,1.08e+05,1.04,2,752.52,1
100,10000,1.005e+05,1.205e+05,9200,1.08e+05,1.04,2,752.52,1
100,10000,1.105e+05,1.305e+05,3600,1.105e+05,1.04,2,759.61,1
100,10000,1.205e+05,1.405e+05,6200,1.205e+05,1.02,2,919.79,1
100,10000,1.305e+05,1.505e+05,3900,1.305e+05,1.46,2,1083,1
100,10000,1.405e+05,1.605e+05,7000,1.405e+05,1.42,2,1185.2,1
100,10000,1.505e+05,1.705e+05,6300,1.7e+05,2.92,2,1393.7,1
100,10000,1.605e+05,1.805e+05,8400,1.75e+05,2.89,2,1389.4,1
100,10000,1.705e+05,1.905e+05,6600,1.75e+05,2.89,2,1389.4,1
100,10000,1.805e+05,2.005e+05,5900,1.805e+05,2.86,2,1399,1
100,10000,1.905e+05,2.105e+05,7100,1.905e+05,2.81,2,1451.3,1
100,10000,2.005e+05,2.205e+05,5300,2.005e+05,2.76,2,1540.2,1
100,10000,2.105e+05,2.305e+05,8100,2.105e+05,2.71,2,1660.2,1
100,10000,2.205e+05,2.405e+05,3900,2.205e+05,2.66,2,1809.4,1
100,10000,2.305e+05,2.505e+05,7900,2.305e+05,2.62,2,1982.6,1
100,10000,2.405e+05,2.605e+05,6500,2.405e+05,2.58,2,2177.7,1
100,10000,2.505e+05,2.705e+05,9000,2.505e+05,2.54,2,2391.2,1
100,10000,2.605e+05,2.805e+05,7100,2.605e+05,2.5,2,2621.6,1
100,10000,2.705e+05,2.905e+05,9000,2.705e+05,2.46,2,2868.3,1
100,10000,2.805e+05,3.005e+05,7400,2.805e+05,2.43,2,3125.4,1
1000,1e+05,500,20500,77000,10000,0.11,2,895.26,1
1000,1e+05,10500,30500,44000,24500,0.27,2,895.26,1
1000,1e+05,20500,40500,43000,35500,0.39,2,894.2,1
1000,1e+05,30500,50500,42000,48000,0.53,2,876.82,1
1000,1e+05,40500,60500,61000,48000,0.53,2,876.82,1
1000,1e+05,50500,70500,41000,70500,0.8,2,758.77,1
1000,1e+05,60500,80500,5000,73500,0.8,2,738.8,1
1000,1e+05,70500,90500,34000,73500,0.8,2,738.8,1
1000,1e+05,80500,1.005e+05,82000,1.005e+05,1.03,2,793.11,1
1000,1e+05,90500,1.105e+05,41000,1.08e+05,1.04,2,752.52,1
1000,1e+05,1.005e+05,1.205e+05,92000,1.08e+05,1.04,2,752.52,1
1000,1e+05,1.105e+05,1.305e+05,36000,1.105e+05,1.04,2,759.61,1
1000,1e+05,1.205e+05,1.405e+05,62000,1.205e+05,1.02,2,919.79,1
1000,1e+05,1.305e+05,1.505e+05,39000,1.305e+05,1.46,2,1083,1
1000,1e+05,1.405e+05,1.605e+05,70000,1.405e+05,1.42,2,1185.2,1
1000,1e+05,1.505e+05,1.705e+05,63000,1.7e+05,2.92,2,1393.7,1
1000,1e+05,1.605e+05,1.805e+05,84000,1.75e+05,2.89,2,1389.4,1
1000,1e+05,1.705e+05,1.905e+05,66000,1.75e+05,2.89,2,1389.4,1
1000,1e+05,1.805e+05,2.005e+05,59000,1.805e+05,2.86,2,1399,1
1000,1e+05,1.905e+05,2.105e+05,71000,1.905e+05,2.81,2,1451.3,1
1000,1e+05,2.005e+05,2.205e+05,53000,2.005e+05,2.76,2,1540.2,1
1000,1e+05,2.105e+05,2.305e+05,81000,2.105e+05,2.71,2,1660.2,1
1000,1e+05,2.205e+05,2.405e+05,39000,2.205e+05,2.66,2,1809.4,1
1000,1e+05,2.305e+05,2.505e+05,79000,2.305e+05,2.62,2,1982.6,1
1000,1e+05,2.405e+05,2.605e+05,65000,2.405e+05,2.58,2,2177.7,1
1000,1e+05,2.505e+05,2.705e+05,90000,2.505e+05,2.54,2,2391.2,1
1000,1e+05,2.605e+05,2.805e+05,71000,2.605e+05,2.5,2,2621.6,1
1000,1e+05,2.705e+05,2.905e+05,90000,2.705e+05,2.46,2,2868.3,1
1000,1e+05,2.805e+05,3.005e+05,74000,2.805e+05,2.43,2,3125.4,1
1,1005,1.16e+05,1.18e+05,742,1.16e+05,1.029,2,821.74,1
Inf,Inf,Inf,Inf,Inf,Inf,Inf,Inf,Inf,Inf
